05861740100
03140331142
93598901038
67172760026
85145327072
52778220038
14666398066
28889459085
79882552072
13205499000
84586141034
58621829347
33277847608
15538242889
55925342216
48573972262
15046420236
76484617147
70385286295
63339091730
19463026274
56623856889
47373846661
25349867679
37568499880
31742009468
26531924705
98561424664
60588286940
60885238087
31634532791
86865920821
68483886375
16149445801
47224807290
71416666486
77612868334
16320126507
10235177601
14138328572
27631658854
80782726186
51351825780
78197824126
51626710880
54402927994
85014472184
32366476710
61345266499
34405154511
71841633542
47859827565
48549805750
77745846099
38438356249
88242443785
69515111951
73154234276
87417224776
62581662883
18913058405
23517417068
21246674408
27154519460
13730877810
21732610100
75129861655
87610725242
92750427304
21404423346
74483806211
53857252260
98510785228
85451496706
81337725757
25612644400
88347775656
16287280867
52923279212
83743140527
07744414292
73317301260
86674352101
67853350350
07858222759
53239331861
40387966552
05715367000
81890253090
21345148410
06871513760
23547144329
78566161807
39693358503
51753777283
27417468187
73051245402
84955835422
77667352615
63855727228
87352447121
43982461693
64570413455
01362062553
31482486350
77343813161
88633276887
70386987963
17570381670
54251814690
39676683639